-0.1		0
-0.098		144.055
-0.0958		166.099
-0.09338	179.129
-0.090718	193.591
-0.0877898	210.654
-0.0845688	228.748
-0.0810257	243.826
-0.0771282	252.001
-0.0703704	255.167
-0.062963	255.157
-0.0555556	255.051
-0.0481481	255.044
-0.0407407	255.075
-0.0333333	255.103
-0.0259259	255.129
-0.0185185	255.076
-0.0111111	254.998
-0.0037037	255.064
0.0037037	255.146
0.0111111	255.124
0.0185185	255.107
0.0259259	255.07
0.0333333	255.058
0.0407407	255.084
0.0481481	255.053
0.0555556	255.046
0.062963	255.134
0.0703704	255.167
0.0771282	252.191
0.0810257	244.287
0.0845688	229.459
0.0877898	211.41
0.090718	194.226
0.09338		179.624
0.0958		166.468
0.098		144.331
0.1		0
